%% Creating a confidence interval for the waiting times
% Variance is unknown, therefore we will use t-confidence intervals
alpha = 0.05;
results1 = [0.9531484257871065, 0.41157894736842104, 0.6622734761120264, 0.7330625807642607, 0.6749276410998553, 0.6146323795726186, 0.2349756361667569, 0.6781735159817351, 0.04759377211606511, 0.3903657448706512, 0.4956300072833212, 0.8539839181286549, 0.06758694872714234, 0.67694272163444, 0.6188979289940828, 0.38045438153624234, 0.2588044067184396, 0.6507819687212512, 0.2629616477272727, 0.7250135062128579, 0.6344765342960289, 0.4860507246376812, 0.7047461368653422, 0.8955362104093351, 0.7986664197073532, 0.8796470146451371, 0.7453833240067151, 0.7868975903614458, 0.447098976109215, 0.7083103003501013, 0.6105301779490002, 0.30618181818181817, 0.8385732671446957, 0.7035175879396985, 0.8635267939922121, 0.6021133175441793, 0.5964043294808292, 0.3548153511947864, 0.8165548098434005, 0.7777777777777778, 0.8114391143911439, 0.6035889070146819, 0.4841875681570338, 0.655260283946123, 0.4142494561276287, 0.7008953042207199, 0.6369988966531813, 0.7813427299703264, 0.13688348820586133, 0.4222503160556258, 0.38814358230601886, 0.8021595900439239, 0.39092716428700525, 0.8697534349708262, 0.6142595978062158, 0.24763119533527697, 0.6103021477975974, 0.20067663817663817, 0.631404958677686, 0.22054380664652568, 0.9587378640776699, 0.7317521603235889, 0.5602587800369686, 0.15796972395369546, 0.5629041197118049, 0.7875343721356554, 0.374572918539831, 0.1409009009009009, 0.7274068609369236, 0.6297044244538278, 0.4036003600360036, 0.5098324836125273, 0.15267038302463587, 0.14986425339366516, 0.13875598086124402, 0.6122412241224122, 0.7512801755669349, 0.4682873332114787, 0.3621060171919771, 0.8621268656716418, 0.8559151581641982, 0.7298219022356953, 0.5196275333211612, 0.5850713501646543, 0.4653860094237042, 0.6036619197336786, 0.5791780821917808, 0.23990669298403014, 0.743940795559667, 0.5544971606521341, 0.26591154261057176, 0.8813966377239978, 0.7019390581717452, 0.6344008636200072, 0.34588362457214916, 0.4746100834240116, 0.29331660992653646, 0.6192065257693734, 0.33488622110732846, 0.14992826398852224];
results2 = [0.9806971514242878, 0.6408771929824562, 0.9214717188358045, 0.9966771275613808, 0.9891461649782923, 0.9349873234335385, 0.4338567045659628, 0.988675799086758, 0.2765392781316348, 0.5709188224799286, 0.7192279679533867, 0.9968932748538012, 0.33721764073144495, 0.9232032105071142, 0.8415310650887574, 0.7731698521456906, 0.535307928481127, 0.8529898804047839, 0.4103338068181818, 0.9794705564559697, 0.9458483754512635, 0.8891304347826087, 0.9518027961736572, 0.9975921466938322, 0.9725875162067049, 0.9979346601577168, 0.9182988248461108, 0.989269578313253, 0.8776719956888809, 0.9071310116086235, 0.908273711245643, 0.6216363636363637, 0.9862107004964148, 0.8946584775730504, 0.9964769145188207, 0.9488067043177264, 0.8930471473124197, 0.6453656770456191, 0.9802386278896346, 0.9968307233407905, 0.9623616236162361, 0.9677360884538698, 0.7464558342420938, 0.940116490717146, 0.7298767222625091, 0.9680248492600037, 0.7574475910261126, 0.9795994065281899, 0.3995711222301644, 0.5371139606284991, 0.7367657722987673, 0.9937774524158126, 0.5953370684981023, 0.9990589121023904, 0.7018281535648995, 0.7928206997084548, 0.8014197306152167, 0.44515669515669515, 0.9309458218549128, 0.5525146614537053, 0.9992531740104555, 0.9954035668321383, 0.8682070240295748, 0.3159394479073909, 0.844079068908184, 0.9591200733272227, 0.6027692860996223, 0.23963963963963963, 0.9946514201401697, 0.8993941619239949, 0.6518451845184519, 0.8119082301529498, 0.4723970508901277, 0.23891402714932128, 0.21176679071415913, 0.9242124212421242, 0.9959765910753475, 0.7324072381648693, 0.7877865329512894, 0.9957089552238806, 1.0, 0.9530125047366427, 0.9446777432901223, 0.7636297109403586, 0.7203696991663646, 0.9080821157758461, 0.9353424657534246, 0.6718105149829535, 0.9689176688251618, 0.8594980765708005, 0.6350233728874506, 0.9874376501016072, 0.9412742382271468, 0.9024829075206909, 0.44586560980003603, 0.7816467174464998, 0.5456011467478946, 0.910641453466815, 0.5903959863823688, 0.5708393113342898];
results3 = [0.8703047484053863, 0.9035148173673329, 0.897293546148508, 0.9634060520760028, 0.9373764007910349, 0.9377652050919377, 0.9395973154362416, 0.9728765167737331, 0.9316298342541437, 0.9672830725462305, 0.9768451519536903, 0.9615942028985507, 0.9089673913043478, 0.9871794871794872, 0.9824807288016818, 0.9771723122238586, 0.9458161865569273, 0.9607843137254902, 0.9549180327868853, 0.9502652519893899, 0.9627773801002147, 0.95630725863284, 0.9409312022237665, 0.9219160104986877, 0.9644772117962467, 0.9498941425546931, 0.9695290858725761, 0.9366485013623979, 0.9345070422535211, 0.9465648854961832, 0.9521497919556172, 0.9552845528455285, 0.9484046164290564, 0.953604568165596, 0.9375448671931084, 0.9231824417009602, 0.9582753824756607, 0.9289164941338854, 0.9525801952580195, 0.9321799307958477, 0.9441489361702128, 0.9760900140646976, 0.9584487534626038, 0.9879432624113476, 0.9669711876317639, 0.946164199192463, 0.9324866310160428, 0.9747440273037543, 0.944954128440367, 0.9733707077785564, 0.9490142760027193, 0.9112050739957717, 0.9314599040438657, 0.9381084840055632, 0.975443383356071, 0.9713876967095851, 0.9926578560939795, 0.9721254355400697, 0.9107382550335571, 0.9242529534398888, 0.9551920341394026, 0.8960863697705803, 0.9506423258958756, 0.9727081875437369, 0.9645535105657805, 0.9607973421926911, 0.9533715925394548, 0.9176548089591567, 0.9213857428381079, 0.9529885829415715, 0.932260228034876, 0.9715475364330326, 0.9846041055718475, 0.9736279401282965, 0.9777931991672449, 0.9240766073871409, 0.9084556254367575, 0.8898071625344353, 0.9702338766832034, 0.9643605870020965, 0.9623545516769336, 0.9438521677327647, 0.9673469387755103, 0.926002766251729, 0.9505084745762712, 0.9358517462580185, 0.848202396804261, 0.9091530054644809, 0.9566377585056705, 0.9162595952547103, 0.9543218552354181, 0.9824561403508771, 0.973433242506812, 0.9685534591194969, 0.9597222222222223, 0.9351351351351351, 0.9615115465360392, 0.9819102749638206, 0.9737373737373738, 0.9221140472878998];
results4 = [0.9815733522324592, 0.9786354238456237, 0.9618320610687023, 1.0, 1.0, 0.9900990099009901, 1.0, 1.0, 1.0, 0.9992887624466572, 0.9978292329956585, 0.9985507246376811, 0.9925271739130435, 1.0, 1.0, 0.9985272459499264, 1.0, 0.9963689179375453, 1.0, 0.9993368700265252, 1.0, 0.9978858350951374, 0.9986101459346769, 0.9868766404199475, 0.9979892761394102, 0.9978828510938603, 1.0, 1.0, 0.9943661971830986, 1.0, 1.0, 0.9986449864498645, 0.9945689069925322, 1.0, 0.9956927494615937, 0.9958847736625515, 0.9986091794158554, 0.9986197377501725, 0.999302649930265, 0.9993079584775086, 0.9980053191489362, 0.9985935302390999, 1.0, 1.0, 1.0, 0.9993270524899058, 0.9973262032085561, 1.0, 1.0, 1.0, 1.0, 0.9957716701902748, 0.9814941740918437, 1.0, 0.9965893587994543, 1.0, 1.0, 1.0, 0.9953020134228188, 0.9979152189020153, 1.0, 0.9844804318488529, 0.9986477349560514, 0.9979006298110566, 1.0, 1.0, 1.0, 1.0, 0.9973351099267155, 0.9986568166554735, 1.0, 1.0, 1.0, 0.9942979330007128, 1.0, 0.9972640218878249, 0.9951083158630328, 0.9820936639118457, 1.0, 1.0, 1.0, 0.9971570717839374, 1.0, 1.0, 1.0, 0.9985744832501782, 0.9540612516644474, 0.9979508196721312, 1.0, 0.9979064898813678, 0.9992972593113141, 0.9985964912280701, 0.9993188010899182, 1.0, 1.0, 1.0, 1.0, 1.0, 1.0, 1.0];


